Yellow:1802259494,1284942046,477813266,2552868334,2212856309,1048061980,1206582849,1098838473,592487809,1948918031,1777337413,1586663672
The secret garden:185641143,401274161,186536405,391809686,607742102,556449700,91040033,73685388,47234550,2834036195,3055754546,2978360618
Starduster:1485265207,1445426749,1400118230,961932475,835089429,742250597,383000700,341925282,270997243,878555319,408526595,266259524
Tell Your World:461923137,595212940,1384284292,578235557,772608884,1485422238,265438270,287351768,271284705,1503398046,1296339602,1748874556
パズル:1650811345,1558367704,1583019541,1614527997,1664694407,1565224156,853569361,795146303,798344156,1236330349,1571386383,1424655124
夢の続き:1870704966,1780783044,1379290222,2837559775,1960192151,1938478057,1254945474,902149970,479052033,2114211772,2183291987,2027859745
Last Night, Good Night:5677739,8817438,207168248,297802202,408394900,800839457,85577166,155889471,458364689,2082080436,2912273325,2465892119
愛言葉:1650979698,1781444340,1226835640,2456200251,1695968309,2090301855,907390109,828617648,649607361,3081026277,2724139091,2696510502
あなたの歌姫:1109981467,506776880,1952513632,1604019377,1129723278,2397779468,1073685567,449715677,958425366,3038297706,3794994283,3343471802
Weekender Girl:1697308348,1034509651,803451499,1865923817,1466501807,1130849005,779391458,445430989,309697457,2813849484,2700196469,2184659972
歌に形はないけれど:1333968022,1454085791,1566038097,1302490528,1395019525,1460255937,912899033,732591221,648746191,3634897777,3402353626,2930151809
えれくとりっく・えんじぇぅ:1704510480,706014661,1146679651,2230956652,2179759197,2427586856,1232823343,743496264,866352050,921343831,1520541877,2149636430
神曲:642993697,215182034,150077099,2307928014,1870928246,1138492357,769024838,713638668,560064395,1714187597,2053520415,1979611200
カンタレラ:1516837035,1136546249,652435124,1285978506,1109412938,591195808,617623978,594525393,386517070,496939583,587147470,564214439
巨大少女:473508318,871611650,1786443386,1316523971,790606303,1322329921,171944840,151979600,152445937,1143215763,1248378070,1617088632
クローバー♣クラブ:487239957,1153800708,368129265,698520696,595327168,607100315,12596969,12559372,31352580,2339372411,2738907422,2855229703
恋スルVOC@LOID:1971547844,1926619108,1850379317,2715829862,2442329764,2192001375,1110668444,1314131433,1044482474,3160859063,3049127788,2706759202
ココロ:1442028682,1354471219,104923893,1173494756,910632059,314878646,101442717,194198989,9310380,2822027553,2772339361,2843400184
桜ノ雨:870821800,617939337,751920295,2450414108,1600970875,1937269666,898283311,736344462,877591610,2849334346,2151281566,2259275068
39:1724593061,1705965536,1399461836,2092478342,2142866012,2011228062,1098849821,1186705955,1089509952,2701540865,2703934607,2356016641
深海シティアンダーグラウンド:846536786,846004974,843103585,768674953,744931507,750186209,768316376,591419962,620515320,1032767188,1075567879,1125727769
深海少女:380485462,533999649,1688603855,1395913176,1555179271,2419435185,942276473,692024683,980208373,671758327,787399508,1277339356
Star Story:281215495,475210254,619694434,247937743,744021661,1185937328,241268839,911266844,1002846093,570706872,1097246201,1347246526
積乱雲グラフィティ:932118189,1497247690,1458464328,1425981466,1876856287,2005222303,1137474119,1266962470,1063949925,2874554219,3120544496,2926214167
千年の独奏歌:970798223,972927643,653791311,939612539,774661804,539674863,442328488,432389728,345657409,3180103262,3161789700,3051542948
ダブルラリアット:1668406783,1678119459,1673079668,2269969421,2016417415,1770612616,815775568,815697683,815690216,2417469692,2136121819,2112170613
Change me:1669298894,1015883468,261395909,858144130,495233052,309635199,638638333,241385237,322329497,1563383427,1254442354,1191203944
ハジメテノオト:1143111231,1561171893,1564790487,1786258155,2263930379,2492858711,594869875,1245609627,1267058739,3819348198,3944685779,3439251336
初めての恋が終わる時:124375542,126954062,126472729,473037187,527771462,623333167,53284717,54048408,55151196,1680687566,2154102892,2252061144
packaged:7887285,73214194,49045514,715048609,1009162748,583700590,85924254,641056678,272342824,2083091814,2911803901,2465495843
Palette:908426024,1017621626,942165557,2455528194,2372424402,2273330611,1055285797,877995097,788705896,2458772747,2317285239,2793232125
ファインダー (DSLR remix - re-COLON-edit):578678888,1162786197,1349059329,912278749,1110378920,1241746960,243555129,688042525,831269911,1924699871,2327321282,2258354222
FREELY TOMORROW:1789725452,672361726,899473371,2440835530,477343486,1339622051,1235019232,947047837,1026777723,3655327669,526192620,1339644307
from Y to Y:153172493,197210171,225634983,1096898827,939857725,976209051,23411237,43432211,99888381,4394666027,4394130671,4385300855
みくみくにしてあげる♪:623043845,1599110101,1867280947,688922828,1935687598,1272424992,521402169,1062733531,387345133,1046622286,1517978162,1594938075
メルト:252893682,925308178,775692423,1102393111,1346015584,1436255972,55405700,351431766,318608267,1710965987,2186959578,2252540087
モノクロ∞ブルースカイ:937326677,1219819340,1461371878,1638236168,2005256353,2481777131,744577286,942263997,1060705503,1397126398,2117963542,3270602367
ゆめゆめ:673767802,1426062591,1396267847,1491309309,1594639350,1143674753,999566667,838791550,377007600,3266054348,2754350589,1611544326
リンリンシグナル:501187944,1032657450,1542748261,2404048304,2532587280,1992772363,512513807,1083183229,1252199985,2285435935,2176986570,1599097190
16 -out of the gravity-:303910271,463368993,302685339,874234252,730214272,802311956,276587577,92489299,62928108,1911933295,1825094329,1388672857
ACUTE:466665283,401105543,902125432,1320535710,340655418,673029602,1246205132,736511982,634354888,1584885736,1368742420,1685784205
インタビュア:1930995465,1741519459,1881059840,2732484958,2772806676,2802208312,768374728,962308580,1070971582,2596961877,1866393493,1933197167
LOL -lots of laugh-:1793286969,1601588697,1189878130,2001314959,1554512886,1418530966,1134380862,870330757,742229922,3489117603,2782459823,2554717443
Glory 3usi9:1842489207,1867636094,1473924393,2068690814,2750429293,2558640373,974017788,1233141517,1197956746,4219068023,4303365536,4322574899
soundless voice:714404928,1000694152,1334328386,924273796,1656154855,1819063778,1034411155,1270666075,1279785346,2125178256,2226011458,1839651532
ジェミニ:949229913,1020805930,503910055,1665162686,1569676026,1276136717,1006163579,934854342,703579157,2322770897,1929787117,1325107530
白い雪のプリンセスは:1504796571,617153355,786280013,2056432848,1837630324,2121232097,789959145,664400901,918152203,3904664543,3838365156,3766953517
スキキライ:1818509375,1570508311,1250229151,2196667261,2058079425,1833535369,996028287,597085668,576804523,3229976900,2981439086,2476397457
Stay with me:1838353443,1564823586,1238645075,2134045699,1669854705,1237838134,1216017412,1182146690,930475269,1063185700,460588665,478377888
ストロボナイツ:236475937,281222369,358906758,393247179,534365905,755811426,102216548,238949845,534791403,2061838190,2879827260,2439328891
タイムマシン:704786720,1465884376,1063078459,1520182747,1776140636,1805066435,503553528,700010287,824142298,1702603307,1630011366,2071740660
Dear:586028801,1119477211,1561158703,1633069712,1983165431,2390763253,839575511,995418828,1189546578,2531615299,2352300256,2899736398
DECORATOR:42131904,327517210,633500709,720405333,1582151208,1763109198,321333881,1048357555,949467036,1057882886,962833734,1287875414
トリコロール・エア・ライン:540886698,1841958021,1663374276,1501070496,2403775807,2466381438,1308894542,1308896558,1308899594,2930146571,2800432231,2129489861
ねこみみスイッチ:1211147362,974105815,1065439894,1891383647,1719217673,1050817998,506247944,324326239,183153607,2601459624,2799632579,2677902855
Nostalogic:1503871259,519302770,647033589,1728264487,747166083,1439387649,417239972,141492311,305524797,2520827161,1450250219,2255056155
Hand in Hand:926608891,1488482114,1922231485,2031705753,2466799631,2959848341,393255688,945698838,1212493537,2168658458,2183867669,2454742196
Fire◎Flower:1101640553,490502085,553166125,1069091466,330936399,346303203,173351626,144380459,261765352,1823182185,1385887942,1142581718
ブラック★ロックシューター:478551881,680140662,961706407,1331689387,1630316100,1860368693,322073730,448497575,545185162,1694043970,2163397185,2235655595
メテオ:423947303,364619234,369954586,473310938,506729618,471864100,204678518,197415624,169408494,3554555278,3283887285,3167422012
ワールドイズマイン:659048759,165776939,237545842,1370511632,750126724,921071971,1198253914,360702762,598033753,1708749904,2182477568,2248656298
アドレサンス:191655148,246868733,236680311,1199964873,671457920,384105350,272432617,211056698,169151383,2967511641,2632611124,2751936597
アマツキツネ:422221591,229230008,309383978,1433915228,1056006242,961612190,144171442,86020568,74833902,2424368652,2032472365,1535780473
erase or zero:1816898469,1631581822,1215562930,754120003,1086765524,1378475724,124123874,96710691,101507635,2090054591,1563300487,1252051299
エレクトロサチュレイタ:1335588479,1344823596,1335083054,1258463731,1154906723,1174128949,668631019,673790109,665671216,2524127104,1599708330,1916828413
on the rocks:432128260,289589275,177599609,742576308,451678145,302432108,259221865,127006849,48155962,2921207330,1731496688,1795125447
からくりピエロ:610046528,547386050,544840939,660485135,494168504,307750797,75687184,55783030,55660982,1978426755,1451829455,1590986338
カラフル×メロディ:1687135836,1690441526,984583530,2471501182,1630837947,1426857571,547724516,225058462,181357313,3487567339,3258904400,2628895736
キップル・インダストリー:1791214619,1607733279,1480659036,2348427349,2051503713,1416213719,1037846020,1281082341,708965866,2848368975,2874462903,2714267955
Catch the Wave:1182771630,935772129,844353477,1500022232,1683940091,1584451069,555452585,726173081,806142354,2201778778,2621951890,2228429646
キャットフード:1223969133,936898759,1369771012,1985215124,1809729773,1884553505,986893002,984327134,986498253,3640653274,3407654867,2934630819
恋は戦争:984121286,1062901999,1049336079,2072704880,2193164572,2133048493,1266555905,1294272417,1264599856,1708248823,2183344824,2249228269
サウンド:771943699,1033959533,787469716,1122653733,847406342,456796557,111734047,289403763,158027789,203984529,758819523,1068681408
サマーアイドル:1472515239,1473517296,1517850303,1915608691,1682468384,1900367398,535450597,899003089,463298861,3220294913,3275247793,3018146603
shake it!:580332224,872627727,1005124385,493539530,563309740,524847986,972578769,668578146,802063634,1548758317,2129821406,1415438425
Just Be Friends:1452691327,1526705652,1452118086,2671023990,2560129769,2590387949,930266382,932433611,927616173,2296378292,1936492225,2300742040
スイートマジック:1792639262,1507970270,1369709550,2244185676,1649083236,1229854971,1051113523,824019638,787274450,3400366801,2670300004,2310576440
StargazeR:15829676,35797685,150135238,632898046,649062398,990188775,17808422,50693779,233779664,3443071343,3417452066,3341013089
SPiCa -39's Giving Day Edition-:761937683,2019450358,2059520685,594677992,1397904466,1343304299,28653006,261486639,106284253,2403822816,2739241875,2875085012
番凩:1495446121,743836028,492896676,1946105626,1207983456,861048896,1023006823,557815638,345149976,1544956136,1145837706,1067459524
テレカクシ思春期:1499283444,1227202821,536960462,1973056115,2163400795,1291931267,1023011391,769562420,538050571,2847369674,2127249347,2244674319
天樂:716601298,27222618,20178836,701205375,239317928,155729024,151396257,3384096,4810302,655110238,233123655,185954070
どういうことなの！？:1099139117,1505799219,1570850733,1996417470,2013997677,1997666342,985620278,1034034457,1070774944,2019271211,2213690920,2492260650
東京テディベア:179927586,167524008,160907711,1114632634,1016504274,1026051116,235366691,224343647,224920475,543750775,128102201,94392405
どりーみんチュチュ:1529933789,946556318,1053499182,2272677462,1348760153,1040098619,778260592,496061598,289156924,3335309267,1541270890,1639738578
トリノコシティ:1386854803,1419451414,1467520886,1915204477,2096095758,2356784466,1213412481,1218326230,1225245626,3768117375,3831942636,3969493672
二息歩行:1239972072,1248971448,1272783215,2358956841,2096954874,2164754297,724943528,724465482,723981614,3082264774,2706944773,2705273605
ネトゲ廃人シュプレヒコール:114393133,297618161,203834283,675665057,1085805441,984028688,501893288,628804107,598695607,1678189858,1705971131,1905153681
No Logic:137133225,485950617,963801150,418018768,517336348,971606352,16656661,117488160,656050312,877829810,408907108,266981547
ハイハハイニ:401680489,45045651,80279958,448687276,154204800,147744400,113469653,5745778,35296774,2060514334,1587281041,1381194584
はじめまして地球人さん:1048780238,1208153669,1039577460,787872320,813720387,900799502,384311777,393428033,477344915,2398996960,1518478474,2125712521
巴里映画少女:1246176231,547647295,672016230,2097473645,1875754410,1920932616,743206026,742442125,761508378,1966932975,1796874441,1655314810
＊ハロー、プラネット。 (I.M.PLSE-EDIT):1134870889,766957006,960809155,1852405248,1697010777,2153866995,1253490228,1296977052,1266277874,3644477448,3292987255,3436500110
Hello, Worker:648795305,934953533,1481207998,1023441172,1466636969,2220230684,119791138,257812089,596750536,1367689132,1458426092,1679945507
Promise:758641649,1009569719,1588148405,1076714642,1833775390,2523518282,660636656,889766493,1162045183,1812413187,1678313014,1443572804
VOiCE:761646130,157997459,143111903,1122392668,487154895,485637146,145806963,18367088,11918419,601462365,406142635,451524923
忘却心中:1610140954,1288756266,1183073247,1854937491,1635635216,1167996252,973969893,896963644,807917237,2154277548,1706578806,1466818762
星屑ユートピア:321473641,222199163,63786004,909880737,674633123,326117819,484760864,325586773,102632523,1313709477,871192373,441949280
マージナル:914158406,856538818,973134208,1676280122,1750881849,1867242618,715223072,614768600,557289805,2846472595,3064795500,2987919359
magnet:837159365,85147419,175899926,1331183556,346357068,387713354,604482411,42315950,244451129,1269046541,1467349102,1317511270
右肩の蝶:802578812,340530649,614915980,743299128,467825892,875375000,177044699,130955062,280000988,3548027408,2277198719,2378114434
結ンデ開イテ羅刹ト骸:950621446,773424217,796494694,337548837,243457924,248851839,139384009,139312153,139178036,1349689332,1255510104,1207487411
MEGANE:1792110033,1367454624,1170047207,2793340328,1950564278,2244584718,1030475946,755400756,939841203,3988711467,2226014461,2692193766
メランコリック:834603768,1089933237,907661045,1779064237,1771490173,1682702835,951495890,1010111006,978413593,2801632452,2691989056,1886298308
夢喰い白黒バク:288042619,282493134,294220585,1078038203,971170823,695721162,562631039,530096682,491493072,1241682837,1009950679,775066772
LIKE THE WIND:853549626,1299841782,1437349465,1016748309,874407121,486830516,166073693,237912517,156106044,1726215179,1505623799,1968451733
リモコン:771840281,692255122,194008592,1962506341,1570827764,29133102,305911097,366611610,63582029,1600294315,1385252055,506100194
ルカルカ★ナイトフィーバー:1298045648,1054840988,1713756986,1820598261,1018418936,1484755239,704915312,478677731,487729612,3348753957,1923658633,2531451874
Leia:1476317509,1385944692,1315903587,879086040,714803404,677071977,151486717,64979877,42072301,2841773457,1883822401,1404897626
Rosary Pale:1307386672,1503425022,2011954101,674756184,940770777,1966462657,255383554,363771514,752007558,1876469216,1778735223,1986286941
炉心融解:115255709,1024400715,1385566140,765410518,1283327422,1435658355,10581335,89999929,189769387,1543448804,1667491926,1186865379
WORLD'S END UMBRELLA:353131924,387777589,241215452,1046955862,1218250768,1007769931,296718468,348137139,126749917,2177135214,1892465024,1989890238
アカツキアライヴァル:629076959,620291563,1019853644,928162230,620504068,478683622,465472803,135609262,5734923,1643360473,1428601747,947678699
アゲアゲアゲイン:1775937589,1550031383,1264796973,2208398240,1921565175,1880510714,1169324258,854393742,739300722,2581318207,2815185496,2306617459
AFTER BURNER:895531509,1159960918,1715253982,1037456605,1050120919,1427538569,620069770,680146225,773834926,1107014433,1315548309,1990753022
1925:762926079,800645641,755002475,2536869230,2522847696,2500357125,1237019614,1234814284,1234435639,3017408979,2992819298,2944032284
え？あぁ、そう。:551996429,336246672,362672120,1675455760,1260603833,1197522063,447125317,390250759,374677528,1897907014,1402959525,1388586071
エイリアンエイリアン:1356461086,1135231194,1121903117,2220219750,1479513726,1405099674,1076662237,651144742,583461936,3733003913,1360718792,1484569808
ODDS&ENDS:1897832658,1467097238,877295903,2061909708,1886125659,1738459889,729861514,788403999,598404369,3507006458,2421808371,1168786472
カラフル×セクシィ:1305116601,723670695,82167091,2440617089,2080982332,926793851,1161587221,937724150,516242342,3250906858,3378735651,3028473923
君の体温:1570447761,1625682280,1543480558,1924322404,1976349443,1820522719,624977206,866152739,816849279,1236494200,1571621504,1424794247
こっち向いて Baby:1043634353,576168068,537674885,2655872604,2068788316,2082146518,1104087434,958146844,899654912,1966148276,1788336515,1604263031
壊セ壊セ:1205050422,243595276,99334613,1860162291,1066413141,759200934,533106585,146978468,12593675,2249392517,1633659528,1424777815
39みゅーじっく！:1081630270,907629515,1809903876,1086018971,1877325862,2513710046,171165591,918165671,1265682550,2097175696,2390653630,2518019850
サンドリヨン:1026191075,1064879868,1125837564,1032278889,753731048,707961010,47587832,211449157,357650625,1532631757,1218110118,1571440259
システマティック・ラヴ:1512681574,1130957259,1306188219,1065531251,460797555,718819718,974529530,141786728,471956065,1670141195,1452200846,1591130765
SING&SMILE:1474920838,1784834782,1449389909,1588011001,2345789847,2216960122,782818297,1240079451,1189603253,1875319471,2256946621,2322303419
スノーマン:371175284,960116207,1433358341,1090262036,1642635292,2147806683,257435592,684722903,974531857,1418204745,1661204281,2447115637
DYE:576653263,185368187,566187915,995182574,665561291,880985969,483420369,122627090,634100395,2658929444,1797614358,1729034963
多重未来のカルテット～QUARTET THEME～:45669064,364002326,865825195,796386581,951826334,1165168743,480309881,553578572,511740550,1254624887,1172050068,1125809603
Knife:238728737,39764546,22671058,776982164,307084528,207362391,433336131,136791438,90471675,2786339652,2019091875,2093028422
なりすましゲンガー:402622096,403238763,495110401,1295134604,1137036764,887409587,494945709,350828102,322316210,986727184,737746641,764772577
PIANOGIRL:1363293011,1183357396,966658874,1994352090,1535220475,1080401181,911220961,757693534,613917448,2866707299,2307139386,2017114023
ヒバナ:445539536,563583647,485640302,322668887,332047479,343287297,33088080,49661055,60625968,1880940228,1842157589,1742455923
ヒビカセ:1365646113,1432957917,1442855951,1149982573,1159460244,1376452526,129008523,156050712,396972078,912666805,612055041,1106541978
ブラックゴールド:874797700,942907953,210510014,654285314,698750702,342866152,70929735,71583534,5278071,3670363016,3644662315,3613508357
ミラクルペイント:1502405819,575139856,573620513,2264571803,1176061560,617677417,750213980,444758765,92787428,1021417418,826817408,1118027891
指切り:1592605780,1336728714,1183743656,1630661073,963129539,925011494,664494987,572932322,506257085,2491501887,1911481464,1388126970
ありふれたせかいせいふく:859783128,841778788,1051792060,1547704116,1075976737,1185321941,748765654,920982619,923936670,1249705483,1170844304,890846619
アンハッピーリフレイン:882255951,826092601,814200507,1003499924,913280644,504064894,146908211,134692167,135219235,2842036684,2846434953,2828619334
大江戸ジュリアナイト:993925381,906063856,1456353357,1585817207,1588267905,2378093202,805008150,575856880,775505678,1865356619,1729403205,3584593851
恋色病棟:1553029704,1330905720,1592794396,2626977867,1803957896,2339550588,1195542223,757201597,1030857622,2867021263,2312280285,2062551346
ゴーストルール:755983602,511128058,809693019,1279115319,1237463973,1386408698,655576276,433210969,695481394,1012239141,1049516910,2006582772
こちら、幸福安心委員会です。:1610171061,1310398539,1064146157,1364857214,1044249832,872249319,745292504,619555278,533870076,1770066262,1651090134,1655601720
孤独の果て -extend edition-:304838006,241697410,180299551,1057037399,1049874473,1033853038,47990144,37145128,43996420,1923747654,1746986413,1275272963
ジターバグ:1051895111,726448869,660926369,1467432806,927948337,751807678,1021202323,801309736,287030655,2094124875,1815963259,1693470785
Sweet Devil:1163698134,403994349,1172090204,2328284883,785689090,1498603853,1073961021,194909589,602018915,1377706646,963963495,1163753566
砂の惑星:550094739,410630441,309964979,1650748975,1368291285,1220629423,617659339,452721598,303709051,1236126468,818396119,663165881
テオ:385993406,160758530,1346236349,744978893,456522046,2015909452,146900289,49334600,459661563,510350977,480219927,1551756536
Nyanyanyanyanyanyanya!:1137949526,678015149,720980969,1447008958,1861121250,1314709608,770085193,831997052,369019769,2911541012,2849515072,2474562391
初音ミクの消失 -DEAD END-:1175081996,970499821,1012665788,1925233526,1817124830,1819475383,728591382,556488182,594429962,1589117431,1934269435,1920482044
パラジクロロベンゼン:329895774,328581057,399098270,762790272,577351784,650120559,66723794,79864702,111259910,1982734735,1671864867,1711429601
秘密警察:346141814,373378993,687995353,677654936,572210866,899619747,480615166,93997801,367494600,981462185,1718451735,1438324737
妄想スケッチ:1378761605,1048484253,1394222828,1781784637,1714364030,1895609513,743995134,785371967,1071822453,1703320741,1629579409,2070852919
リンちゃんなう！:508338156,436378437,110984603,1589023643,1418125050,892472174,576737440,575587592,426028713,2945376155,2511743526,2064188976
ローリンガール:949604018,950702060,949118720,2025763935,2027641975,2024541101,1101663177,1102070532,1101316154,2586633940,2579481767,2584699968
ロキ:236694097,17905497,461234391,748573592,443466212,1045725908,340931562,95469274,509754341,963286329,543934877,1403909606
ロミオとシンデレラ:376034703,229235865,688557788,1292226143,607548202,924336721,282141303,87554328,184126186,2205298510,1269256295,1692749981
エンヴィキャットウォーク:350976958,160656333,37079295,709947857,588078926,617306273,236123801,444250280,331995402,1427019102,1235539811,1272178784
骸骨楽団とリリア:383319223,488787131,668401051,962266318,1031849949,1122760186,288321600,508731932,719795499,2345993597,2323808766,2088813506
サイハテ:848476857,782288278,776522516,2238854513,1321174952,1081688010,248657095,240581390,239594299,1718085798,1565403249,1529308790
ジグソーパズル:1602085455,1424760860,1621919101,1616676746,1324182507,1283328742,1218842477,1122241281,1065303804,1509108366,1191998093,1366555944
千本桜 -F edition-:629289885,414229182,279802998,1124429170,855921775,701743272,177945183,115806145,67223287,2799593637,2334554884,1997622648
ピアノ×フォルテ×スキャンダル:565560589,448898157,439718657,1023651641,746322740,747185347,868046671,277228223,417319581,1820800000,1229791805,1093542171
フキゲンワルツ:952945330,885910762,554369002,1320448091,1186592047,875803734,691136238,648591244,445650471,2852168510,3156377845,2576460621
Blackjack:628242123,239487788,178952974,1295365115,680796871,401579222,357501753,71119780,61997332,2947257441,1941603251,2106511566
ぽっぴっぽー:897727380,1538197260,592084446,1174407597,1331739890,509304814,846361319,744746431,484765206,2441854879,2838128213,2372236682
裏表ラバーズ:693149894,694079166,693737488,2442385141,2400753467,2567911323,384465203,390245006,382132267,2744631836,2728186410,2737689977
Sadistic.Music∞Factory:670966252,743480341,559378774,1292119513,851124258,1223239634,656086888,197669423,266100423,1032482569,1424688766,1594927824
デンパラダイム:1683996813,1689631155,1780447082,2623615904,2060545138,2282519716,1258110584,1082125781,1200811344,4481427503,4386818346,4381432899
二次元ドリームフィーバー:213091186,169923058,23847742,766102683,310868644,80637085,51929715,47364074,10290311,1072643971,979168496,912494528
ネガポジ＊コンティニューズ:1706953270,1496686610,963488016,1458445700,1658755668,1719195201,622792048,515965151,1095804040,3557440282,3366931542,2964179368
初音ミクの激唱:827229934,1363116129,1702630560,550591177,1281570453,1379291650,183363089,355994405,482060570,1669482713,2652033156,1854678608
ワールズエンド・ダンスホール:476055137,1235303917,1067829913,491587625,841974886,832225437,261324966,597764684,456005993,2517808774,2505643616,2512735247
ブレス・ユア・ブレス:1727365435,1708254469,1780837423,1971940816,2058083346,2225300205,1157939294,1107365440,1217623838,2352452727,2491224450,2739910353
劣等上等:436004174,559803069,680315358,1395465155,1422777412,1697849921,325501210,312139914,478436250,3625584514,3245792969,944256368
グリーンライツ・セレナーデ:1004458563,1248437898,1553221851,1304031934,1384361073,1341375488,663320900,922750344,877866699,2326726920,1913597920,1974575391
ドラマツルギー:1824387021,1824511635,1824276669,1992446810,2019677129,2012230228,604801543,604470017,604010831,2790937062,2834657250,2814649404
