Yellow:2091579709,1514243439,454125964,3064496131,2688680528,1193899377,1998306261,1819442947,1595979266,1541602883,1391517934,622246187
Innocence:997351734,1623393602,1450556224,3083161798,2197900539,2954409805,1785393586,1888676251,1595900828,1380677691,1223249305,1445027053
いのちの歌:292542987,763136364,108516686,1116817803,1806967798,714659736,2946383338,3118548966,3011897991,99400812,200397789,22314677
The secret garden:152727393,338894870,142491969,463245542,639851555,579210810,2935098774,3100162294,2993176375,461072105,327613335,161688892
Far Away:1999714446,1438025192,1357662157,2309516032,1376287146,1526557901,2039348699,2792059227,2048411132,10288311,3920161,3597355
荒野と森と魔法の歌:1137539898,1383894739,1577221988,828972888,969067531,1192574515,2960279284,3065465401,2968365065,86770850,118499337,187147017
Starduster:1036291401,971248322,894956649,949683564,807536483,701100543,649011124,249887445,148273287,330468579,277423962,219802935
Dear cocoa girls:1549846146,1601812453,1420560121,3009030832,2494096372,2389541578,2913083728,3011644231,2938596798,1576226899,1579389877,1539453180
Tell Your World:245850135,318536875,1057442090,595351998,841293416,1754378934,1389338092,1233912018,1707198784,295687676,404609408,369289940
ナイトメア☆パーティーナイト:1541395668,1517781408,1460731258,2360179669,1531683267,1146499877,2696657629,2644637466,2703165459,1113585444,1097967090,1066265764
パズル:1678799520,1521397285,1582125353,1823683987,1849857691,1778366722,1005726275,1288980576,1186659877,1011569573,1002775104,919691264
天鵞絨アラベスク:1554138199,1209535937,650400727,2899019579,2534647949,1552049723,2974179585,3128435180,3014713017,747765091,610676845,381513193
悠久:1015143154,983524795,909290952,2120862797,2070718765,1927121641,1497636508,1182649763,885421493,525714565,515987922,518010188
夢の続き:2017703772,1825708173,1358036137,3428390488,2247916329,2152429091,2146537065,2201984597,2005693231,1288856217,776708949,591563339
Last Night, Good Night:3477885,4953009,122908466,313122492,469950160,816580261,1975528706,2869996118,2400772225,73115192,109897666,293932394
愛言葉:1760866572,1741465744,1429046186,2820615631,2126229611,2310837328,2951943771,2584785977,2538315145,1232537111,1306864615,753570989
あなたの歌姫:944957303,478149208,2118994942,1815966814,1386739394,2861004855,2684397601,3774984442,3146416627,1003273128,437400463,803304980
数多の舞 -Dance of many-:393749808,297040544,113554746,887137275,510514963,386445272,1649546988,2035692190,1309066843,21442300,3170303,3775553
雨のちSweetDrops:520496088,1665363323,1514338054,2214279164,2699292945,2749660654,2954414364,3110455415,3012049317,1466410024,1144527288,640923669
Weekender Girl:1552596592,853286601,543494005,2254323432,1684514786,1285404157,2814502416,2771430096,2269931079,1212928312,761516173,634987117
歌に形はないけれど:1141745379,1264790334,1448364459,1483051674,1588441737,1667499656,3592727980,3335047180,2788130441,1004824329,754313908,606362347
えれくとりっく・えんじぇぅ:1725651325,656010028,1089933983,2576432474,2511084045,2841411031,821146381,1433036583,2055827472,1343831623,691141550,985685677
神曲:642929917,191748373,112954210,2517672914,2022421542,1134736477,1422992796,1771940653,1658788162,878313555,664614455,545766278
唐傘さんが通る:1041997946,864179172,483354955,1614035874,1082808313,802090527,697953596,231994529,78231459,752692101,880931592,1109863911
カンタレラ:1240077242,845688202,422878049,1271903192,1058392118,477007378,479478790,564965405,513156254,519888572,503767387,290407614
巨大少女:516819292,1007577687,1881281794,1387244073,754119698,1423584473,1000160252,1053613994,1556102219,214623860,208133420,215725441
クローバー♣クラブ:313408309,877924917,301185085,945359133,928523600,767557297,2301294778,2653360439,2794826243,7864324,7725734,14137646
恋スルVOC@LOID:2127408798,2026249514,2031770338,3175847800,2885805187,2522434244,3129291312,2927624394,2536672631,1133017305,1519490987,1400303703
ココロ:1448462444,1314067137,90214437,1419873749,1139398967,406762601,2731742978,2694348965,2790395041,139542327,182328349,7670582
桜ノ雨:800555323,506238394,690639950,2906326825,1801363853,2195923396,2786664269,2009225985,2125180696,890244998,696475030,909745731
サヨナラ・グッバイ:1741699920,1680481988,1431340225,2798337211,2012585734,1378586640,1505715194,1042695689,371983410,1126856669,636081365,319268684
39:1699633283,1701878414,1354930333,2568957388,2542087592,2357450686,2771757731,2709601704,2305681369,913003566,1044130131,963295417
深海シティアンダーグラウンド:1000619988,997218637,995111256,865211204,825126851,831823694,872340553,898627377,934994050,632503581,632115391,632549551
深海少女:403920653,513345124,1722845004,1540055402,1718079139,2831751995,582115480,700691063,1229824269,1182500326,930378296,1161302619
Star Story:222902101,380482604,517313593,305220269,711174575,1186285442,429202498,885730826,1119989768,429518577,1282074651,1341504931
積乱雲グラフィティ:955386526,1494974832,1335172307,1635594062,2139984659,2179761782,2795091367,3056256960,2914643058,1135069125,1510035022,1272826363
千年の独奏歌:731675853,701753222,357310688,1011714271,809028119,519825838,2953707090,2921581082,2797139542,478856218,490772041,397352728
その一秒 スローモーション:654294142,1348920868,819300079,484151845,759515767,590155781,1362075506,1802702295,1935514618,659468634,686732844,637366842
ダブルラリアット:1709502560,1718158893,1711106959,2562407157,2224682741,1927150317,2336258163,1991661965,1972867477,800721486,800276954,800322639
Change me:1487722248,664536844,157252772,1041728540,597023542,361507547,1555456413,1287603708,1128695194,378152014,188008545,180450198
那由他の彼方まで:929969774,880121990,1070613820,1235038390,1200320981,1144906248,1297864825,1234459549,1534221206,155365832,144571851,137452596
ハジメテノオト:1040965992,1529210291,1554289220,2102795256,2780829583,3055283177,3747239072,3969624223,3398589177,718751575,1540311808,1548702981
初めての恋が終わる時:140601028,142734560,144689961,493146562,595863002,706355433,1379607469,1804397256,1984033732,586193902,587574431,592770232
packaged:5965255,48569506,7684465,851038972,1060779997,596488011,2016968161,2869676809,2393524399,2684907,211387193,150231824
ハト:426899399,1515133267,1748361544,1113907323,2804457016,2754098344,1428315693,2021220206,2092721191,683614773,1390228762,1266896444
Palette:987537587,1225168582,1101765042,2976734981,2898540576,2752187801,2476304871,2331217373,2814603772,1363329722,1174530536,1064655228
ファインダー (DSLR remix - re-COLON-edit):399025371,796922797,1000980414,1053435139,1283872735,1398256795,1826226333,2187132855,2115873017,318091660,675885223,1012987358
FREELY TOMORROW:1924992159,913524328,1068854501,2917926915,674669130,1556646343,3657658811,657938793,1289424701,1503481183,1245807217,1306312465
from Y to Y:29296110,41315136,70023503,1225669847,1042748595,1065730608,4473663603,4473392721,4465436335,4486725,10610246,34600786
Holy Star -2010 DIVA mix-:631199682,807687163,749722058,2451449470,2404331269,2650605772,493162465,687025258,897636717,705968074,612651906,859479882
ほんとは分かってる:165041758,794382555,1979173002,1983310803,1533209367,1863841144,3372266422,3713571305,4208549708,1044388494,524813076,1106622127
迷子ライフ:318903844,477087830,1365995058,2004410190,2490078142,2699239463,821796226,1857271685,2917030751,384983498,189278261,176226146
みくみくにしてあげる♪:413227938,1659205944,1942514920,702965093,2191907473,1411032470,870313425,1246309494,1324844587,865320680,1118081273,370982268
moon:1312688666,1397546685,1507781007,1533684643,1763436224,2226867077,2470987725,3002844514,2529579000,15910957,41592137,149803666
メルト:283153295,1023698657,833751387,1093772124,1313840222,1456634900,1407713970,1856790304,1990642327,25222199,241745959,318481512
モノクロ∞ブルースカイ:951977934,1169409629,1344745402,1787553205,2259026837,2956132267,1140895085,1905164719,3214161374,431468366,944963184,1286495755
ゆめゆめ:629288864,1422918423,1268715259,1682462950,1723592920,1267685161,3196529894,2604609654,1434202288,1306787073,952028184,785492229
ラブリスト更新中？:141353339,263094115,763876888,828707307,1346913139,2080003448,2953873540,3082682149,2992214011,891192626,372991577,333891775
リンリンシグナル:596477093,1019392743,1546599882,2927256282,3021647827,2357861663,2155749484,1999848622,1307650618,550660709,1310404534,1517319973
16 -out of the gravity-:295790413,526962647,424656874,1089077432,971771835,998762738,1786673227,1737300818,1251942370,247222831,125899544,90955137
ACUTE:577606997,528919084,991632754,1311745096,371449730,618523481,1447569330,1311637470,1571501907,1495901310,1065753032,760034395
インタビュア:2000864806,1798575333,1965462164,3306017090,3375909628,3412619580,2432307438,1665821591,1712418102,711212652,1013039436,1183430426
LOL -lots of laugh-:1969379401,1703606484,1161685576,2439717455,1871202279,1636284414,3366009476,2708138618,2398623171,893066408,594793397,561049887
オオカミガール:402581591,806606601,1078098234,1738715161,1496370311,1635108659,958541779,792091877,1503804680,52232497,65390467,154191653
片想いサンバ:1881625199,1735018757,1623293650,3185452244,2513640421,1684559839,3620617022,3086553317,2969802689,1061840970,549057617,28839166
偶像無線:1072165545,1442301696,1966967050,1118270433,1905697640,2538581343,709438797,854336805,996021294,379963874,698867893,1305966001
Glory 3usi9:1785026865,1782971306,1418319801,2550103283,3350257462,3088250769,4353841562,4441647760,4463442050,837801581,1452325078,1371090039
恋ノート:1676910759,1687446174,2040277344,2062115342,1355154681,2262478778,1554254837,1271308742,511750099,929087186,554012617,769921556
soundless voice:615235851,924791423,1321484692,1020845719,1922142293,2159459728,2178692445,2246753869,1874297013,1169245089,1439888977,1509633574
ジェミニ:1188235478,1090560647,532597068,1911709016,1749642403,1330546778,2208490876,1798949207,1091557981,1283658814,1205450899,733942661
白い雪のプリンセスは:1305139679,593711524,920117927,2428398244,2177020659,2501038064,3979654606,3926136603,3842039970,680039154,735790774,982541414
スキキライ:1746113724,1473244764,1101558748,2552156428,2355454936,2090396216,3272811186,3053873010,2442988377,1253874654,731965498,832440305
Stay with me:1762486948,1487069020,1096746385,2561082069,1964513319,1440200959,899291001,378480895,396094635,1501699914,1168918568,1047131563
ストロボナイツ:170287912,220641733,315988042,262217332,415674720,612536806,1946594447,2776798518,2341980543,62560545,187193692,521967657
タイムマシン:779873192,1536439133,719167552,1680644895,1950711639,1878188091,1440896427,1484365148,1988226000,861792378,936208668,1015135491
Dear:579173011,1120014686,1651258419,1761299283,2226283216,2796230511,2529429969,2340794420,2933354573,939011483,1070557044,1384962239
DECORATOR:39120759,326067050,661515029,819223213,1770665327,2011283847,1085849162,917762027,1234568232,504804971,1129670024,1073953477
トリコロール・エア・ライン:728920001,1802392838,1662156390,1806875635,2782355317,2855130943,2947007004,2924057109,2135864409,1575925109,1578671853,1578397123
ナイト・オブ・ライト:1293123641,2220040666,1582185301,1917047094,3133658616,2856864145,2416004164,2729053295,3390549089,615754463,1400585541,1259077517
ねこみみスイッチ:1036334389,1019152204,1161006174,2088519462,1913703393,1159476202,2652064372,2827629327,2700820353,719425762,711978527,153972186
Nostalogic:1627100421,547475144,711235942,1931143942,779013970,1551717029,2516964959,1248463817,2033039080,75158314,20810029,54238844
花舞月詠譚:1427310038,1033326931,1410444763,1252018702,641865453,1122196795,2747571543,1814027677,1690837492,1179629210,1064992174,1235579161
Hand in Hand:1368351396,1743374470,2120597689,2281675219,2905485399,3587354175,2127143663,2188772566,2486171221,468681076,948184393,1454061100
ひねくれ者:138051588,64728289,38863398,635209735,638576567,568916751,1398864303,1874331418,1992735771,245116746,143287635,62792203
ピンクムーン:275044151,906125085,1192274179,1577047342,1658146372,1816138388,3138724973,3193692049,2104302215,261987154,238701389,732095529
Fire◎Flower:1013689710,452815632,511347820,1250945561,336156667,306598177,1561531456,1071394580,874094342,168678201,158506040,285330911
ふたりで。:1324963698,1265653250,1018793801,2024415257,1977666719,1677224141,2572447112,2561132188,2220199694,733404202,713332313,615023044
ブラック★ロックシューター:441536157,634749999,975643463,1542031514,1984031923,2296917868,1439413892,1900024556,2011433351,244109024,432056894,539915044
ペリコ・スペースシッパー:469469718,1234950328,1661702777,1455187356,1948117417,2032653737,3383662290,3554057840,1814424471,117531217,649330538,1335800511
メテオ:260002211,214914607,218041519,637199759,668574336,616473899,3488762547,3202393277,3069197686,212678290,203628725,178047990
ワールドイズマイン:917998051,358182426,425601557,1554589997,858895833,1050358874,1400108070,1861867908,1980744187,1456639954,514251495,725161666
アウトオブエデン:624292831,667599425,657450693,1686685242,1735504373,1732637284,2577294322,2896538935,2712566881,602920874,699226066,687773213
アドレサンス:176373073,223984163,225927994,1381737726,738042421,399666560,2828905382,2449196408,2598995375,396562293,251608064,128731019
アマツキツネ:390568290,185065742,245060082,1627390309,1173303456,1062280716,2391092112,2010917473,1564646810,80233039,43726749,37643513
Ievan Polkka:850913471,486625845,86106306,1207453033,961276986,830865625,1648656440,2269462894,2178511088,669398313,228158661,135378193
erase or zero:1562787968,1361682789,976736762,862508785,1200573534,1508745026,1823575176,1341055943,1045526107,36589385,13760113,6044076
嘘つきベティ:507012406,447800573,400603120,2565189215,2337624586,2313336317,2458062691,2252493939,2134900861,663647757,468158799,484699312
エレクトロサチュレイタ:1302131769,1311043127,1302400761,1447104322,1311459737,1338465213,2576058473,1610960773,1908587935,699851042,704243543,698411426
on the rocks:336186595,257264559,129501672,871303404,471096653,318827099,2603732282,1390691545,1427482737,66081879,33985050,17381840
からくりピエロ:528668193,464674494,467065744,710806240,506987563,326626065,1766582161,1250159802,1360165771,21644414,10766286,16072323
カラフル×メロディ:1871082192,1722947665,951135578,2969794248,2164921572,1720371169,3402643037,3221895164,2478932345,991434716,822171898,180381893
ぎずも:872153857,1259404816,1178288487,2172550664,2359589517,2131220801,1009392913,1254140677,1003964540,416901415,732954062,278445520
キップル・インダストリー:1974347713,1636978724,1371629703,2870431731,2391821638,1615138131,2866504701,2778116493,2806234152,982971861,1484460656,862705225
Catch the Wave:1271121458,1147366415,984994264,1749109783,1952082203,1851899253,2172739898,2623545278,2234850349,790379870,875192359,822976413
キャットフード:1240017411,675137683,1321987959,2333460918,2086748398,2203851814,3660236660,3386133921,2829899923,738564108,640661539,721856879
恋は戦争:1075200556,1179459572,1159303257,2277706110,2458887280,2417801565,1400706538,1852301766,1972922040,1568970651,1575152961,1564354465
孤独の果て:4219225,7530234,10920818,1633934437,1637650536,1641524130,1478122032,1443136512,1300587623,693688,4703461,10984100
さあ、どっち？:940903503,253612710,203862756,1108779411,617989436,677814795,1745210889,697824420,619789804,319327662,5181700,30821797
サウンド:777201065,988874142,781124339,1274880126,903754939,560803462,199148687,559718184,871530480,181500988,426321195,227857139
サマーアイドル:1655084585,1487355610,1532472017,2306649069,2002465033,2229674974,3125337104,3115846849,2844279932,367256153,978477844,338636399
shake it!:433185299,782226814,944802289,549332148,672473465,590110403,1398989959,1869982821,1205888175,868795606,1096541405,519846128
ZIGG-ZAGG:1415578234,1255824291,431764896,3072557267,3079444940,2803547799,924575268,2224321675,2744510784,1297461240,1444685000,533781441
Just Be Friends:1462840320,1555304207,1459087523,3277765629,3130242515,3178597856,2279363751,1928304846,2261269897,698393195,700066188,697999013
スイートマジック:1824938406,1402707868,1181625268,2745076904,2005653708,1581253411,3378704682,2625670850,2213980559,1066071128,790290290,794903642
StargazeR:10781880,22432800,111793733,852734677,810011846,1120445459,3365081247,3334600120,3260072108,5277319,18788915,152503838
Starlite★Lydian:2038803476,1701012141,1981487265,2812781484,1809713918,2178760874,1401975100,831934639,1480854309,622706871,239537568,548507655
SPiCa -39's Giving Day Edition-:626951003,2091851096,2145817585,676807627,1569755613,1602846664,2232386996,2590341168,2728211244,21449517,185312326,80757735
千本桜:1007239201,777750255,401278868,1301642936,1046055695,769087635,951983707,737472187,646426862,167581868,116197625,91862379
So much loving you★ -DIVA Edit-:2046908524,650155336,1510439645,2662843927,1994114491,2663696301,3233596956,3434028588,3710095011,1419904671,141886028,994660111
タイムリミット:1979411776,1120798015,1963239293,1633427274,1507953842,3002941536,1174033685,2563024563,3393256611,127652643,368468246,951579453
番凩:1560922673,746131287,457072573,2292975070,1322225855,879564208,1442282482,1003255561,921703870,1054256194,345079068,185934685
月向うまでのトラベル:419817179,1163454121,1278719094,1063947929,1041935989,795367387,2416678951,2419668093,1799269733,108291339,224688608,276151841
テレカクシ思春期:1483019269,1180465588,666332646,2228509528,2446588955,1500072138,2817236512,2238594416,2300927126,1226365428,1124382644,445296588
天樂:595521166,5190197,5229383,818254955,289455545,180317667,693082126,261822411,190209642,170201805,399586,1157141
どういうことなの！？:1302299990,1689479998,1732782868,2417782172,2414112367,2422769314,2030650368,2194367383,2535288128,1206033426,1413496462,1445863276
東京テディベア:138522070,132212908,127288107,1381612236,1272136202,1273518774,448914393,90604902,67339234,136682102,130642460,134069827
Dreaming Leaf -ユメミルコトノハ-:46367011,1008000807,1925688766,906966366,2745054299,1428670219,2606606350,3294535977,3341250822,7544471,1127794055,7651229
どりーみんチュチュ:1559210280,866012168,965687069,2763186330,1646592011,1176451161,3300211924,1406854176,1472256984,808722779,491506104,325920131
トリノコシティ:1616946614,1641101519,1673724325,2354500565,2552472824,2844620305,3787233099,3857316281,4002302624,1579351680,1579351680,1579351680
二息歩行:1727455309,1728217418,1757233129,2959812480,2651306211,2716240408,2971488409,2634751923,2614713319,734343353,733410721,731938673
ネトゲ廃人シュプレヒコール:101656182,238517863,177281887,629404712,1182913016,1057315814,1444511981,1493260854,1720415090,499986787,722566364,765856657
No Logic:86666002,216008549,629327726,463923950,594709912,1166516008,637069524,244604979,144928675,23034434,81014929,521022357
ハイスクール:690022113,1321899059,1065883091,2884798887,3153300787,3179179969,1785923356,2263010697,1961272422,489293909,1002238600,906431854
ハイハハイニ:335604810,28891169,55128762,551878137,208549721,179479363,2000517992,1428120313,1130686885,190762177,9496252,44132066
はじめまして地球人さん:1148139259,1098720099,1094128058,1125598669,1043620671,1191232049,2312025325,1247456021,1866699606,60560825,127981028,216101700
巴里映画少女:1371570115,699655378,796792720,2466164201,2223788822,2295054432,2162310027,2036402590,1927599197,1088179139,1036169284,909066760
＊ハロー、プラネット。 (I.M.PLSE-EDIT):1353400327,429501066,1006451252,2205950814,2060223984,2532479296,3777900862,3514855360,3579322203,1472004761,1530913446,1521687658
Hello, Worker:549739234,793089847,1451129033,1288971269,1728145265,2590892802,1274458672,1348619125,1589890226,144970032,263601895,625897384
ブラックノートに溺れさせて:60671472,45149535,69389185,683126133,721119528,760839782,423770726,696354421,623503233,445768252,508719444,186612572
break;down:856985315,1021205,3605468,1882119386,1151072130,1197599896,1314661113,1288491811,1287706551,930375972,706190165,705864704
Promise:995972056,1274317812,1866418982,1305306065,2133675265,3022162383,1717182922,1601551304,1424522193,799217439,1178732138,1471822658
VOiCE:703036735,201373850,194479436,1238051770,515733307,514944774,455784888,342873119,337521750,225789509,20666954,14890467
崩壊歌姫 -disruptive diva-:13476078,1777161,3639252,1130564963,505585839,704364014,1406453815,798832045,807330552,70118410,69724897,69687599
忘却心中:1817173415,1438955095,1257744805,2185325654,1882247313,1313500088,2013433587,1536694027,1284096102,810557151,780855675,716672036
星屑ユートピア:157837493,84023302,11969001,878396325,616367408,303552142,1309178192,840706916,421611438,611085105,373198989,74286236
ほしをつくるひと:1204221822,1116355699,775494331,1707877923,1224648254,699749195,2370613954,1873299830,1303115425,1277459413,948027198,792856417
マージナル:656837348,672963971,809802715,1899517025,1971932654,2118309753,2961674945,3128409331,3029203112,575253010,511665971,639661035
magnet:733790474,49629511,114496872,1428221588,373658503,401473845,1266753733,1285811927,1180587325,1071860510,264113067,358127265
右肩の蝶:358007689,66638303,366216499,1018377309,722890423,1165151493,3678454091,2363180658,2459578836,17297127,18373498,81499115
みくみく菌にご注意♪:745595751,917236122,120211487,2146591687,1671497762,498061019,3036254639,2010096308,519174470,430863075,672320342,68973041
結ンデ開イテ羅刹ト骸:903364465,743811689,752598924,445379518,337812561,339130226,1250555868,1177804692,1138863360,111562611,111415042,111536654
迷的サイバネティックス:903849670,451304204,472587245,975060846,594382220,537262617,2871007522,2190062314,2202174273,478295785,209256491,207516439
MEGANE:1843203406,1332257232,1122274151,3430199172,2315936869,2666624597,4080638603,2133673391,2609036704,1296562757,891124775,1115203624
メランコリック:843508442,993700002,794049051,1955799683,1975780449,1829908441,2622174192,2424065500,1587225377,885149153,986475933,929705405
Mellow Yellow:1284937785,1730136538,212692712,1610085829,1997696309,416469302,3365170048,3881024809,1959264211,684125831,1008264953,72464326
melody...:190476944,1227043798,1869669314,1337685391,2078406100,2773231759,1147286307,1333547606,2394314486,27236393,157996958,1217595911
夢喰い白黒バク:373702177,353172657,344132364,1123899118,995674782,677406659,1053984258,829134814,607684906,553451602,514427086,469997696
LIKE THE WIND:718961404,1101774829,1248957306,1228577211,1029348280,633576665,1692391602,1433384932,1817568460,748035658,695596473,757131090
リモコン:597437956,488928305,268148071,2276849009,1678478660,26634365,1955829504,1621649650,434644342,642122095,535489344,44679038
ルカルカ★ナイトフィーバー:926836886,949783420,1583292632,2162036711,1183999000,1816568728,3237193605,1652777643,2303709407,790113881,586674846,572852146
ルシッドドリーミング:1561290196,1845914631,1570235346,3039106036,3062015199,2625944795,2674152924,2604061200,2367526217,1144161520,885113179,697088296
Leia:1428781533,1579231624,1557381319,1084494744,801671813,730433163,2900985747,1903379739,1290370172,237360958,74517583,42102076
Rosary Pale:1308875048,1546288150,2123928045,702441694,983068396,2201723685,1771958631,1651282511,1934741581,135356007,182308853,439893079
炉心融解:106311531,885366774,1220233062,871339405,1392366229,1518394739,1455565444,1624116101,1068975275,8261807,34563855,76110711
WORLD'S END UMBRELLA:331125505,350343625,205686101,1158460569,1360081067,1168253308,1894773308,1617146508,1700064869,136812691,173862421,53483115
アカツキアライヴァル:549023921,495950855,868460163,1033292341,715762215,542412707,1598911721,1383987391,873843755,152410887,19329616,713634
アゲアゲアゲイン:1971041507,1543893031,1118174679,2648971409,2112365006,1997072090,2589753133,2756642928,2179605405,1201357155,791660151,803619719
Absolunote:1942649222,2181006188,2165737993,3435522501,3546754534,3491448623,3594604813,3895983549,3872501016,1289782539,1148367904,1220298333
AFTER BURNER:602625880,976910285,1753978070,1287145878,1272931140,1698710682,1026015121,1211711169,1900542414,663692198,748815751,1030482197
Equation+:1698711497,1508497196,1119027021,1937229276,2077870563,1859695485,3089067696,3037079804,2863367517,710223787,1200145791,883572244
1925:958950940,965872424,952517016,3013607618,2976546910,2953594337,3192462232,3167701968,3125926360,1426359768,1394246794,1402172889
え？あぁ、そう。:567613386,315078644,323514198,1983807006,1435590934,1358274203,2018453525,1499261615,1428180993,146676318,99579948,107591913
エイリアンエイリアン:1525202613,1280546744,1227294017,2731442977,1762312336,1632216538,3815308535,1161138855,1279814379,1385679324,999052400,722439872
ODDS&ENDS:1974165083,1536378133,1059524404,2618512084,2313572724,2093212952,3612477967,2241732351,986004507,606674634,855009146,778992253
カラフル×セクシィ:1383447267,717747107,51452214,2994880627,2438684052,1069097715,3169389518,3314434731,2955592054,1104127975,657054592,210355599
キミに:1710631771,1855990492,1742569703,1967246937,1957341774,1879958780,2941580546,2921021804,2838942835,564762850,631605302,352311937
君の体温:1563043363,1627644171,1544135155,2243813802,2320055714,2141663051,1008394211,1292963540,1190392658,613854096,938138123,925093982
金の聖夜霜雪に朽ちて:1793777661,760076794,336866444,2753990688,1443767668,638425313,1687171778,1072760888,1030743092,1521719931,1102868898,246988856
こっち向いて Baby:1226037911,610340738,631578082,3071196988,2199654952,2211181158,1963980879,1774825569,1597012208,658118494,356013494,331489663
壊セ壊セ:1068163727,214064665,74659245,2087274825,1152949801,876886242,2132827535,1580205369,1391649499,1127975832,267884136,7065201
39みゅーじっく！:753050394,791216379,1790891036,1319961512,2160772403,3068397334,2105123096,2486924917,2619049059,172227415,1150638546,1475068682
サンドリヨン:890608282,915922506,976763328,1069332681,749585948,732938920,1385025145,1074134806,1340802147,14907963,60135704,129685405
システマティック・ラヴ:1880496265,1489126359,1647499779,1330851615,562415898,831358602,1625161458,1411709128,1523357448,972146319,19794481,318225358
ジュゲムシーケンサー:1566641206,1483951080,1593704812,1657074077,1387023328,1261511783,2256152910,1984824199,1829790749,859487341,853986194,904848308
SING&SMILE:1561190196,1820616565,1509187370,1778310791,2756935203,2643177838,1711298240,2166810802,2208475921,968216944,1479794304,1427846769
SYMPHONIC DIVE - DIVA edit -:113015166,243168714,739567309,746135652,968892664,1311191196,2091225152,2334859475,2099652872,26893327,118237294,288851160
スノーマン:215860392,724170870,1264723768,1126971306,1703561224,2402664847,1167485103,1390432005,2189573541,219713422,545474428,908436211
slump:1677577558,366396696,405906148,2146915450,1284457551,1248599484,1051934627,1241039300,1192251489,1267723013,189398898,252040154
そいやっさぁ!!:994903974,302802308,94363863,1357426808,769803529,499791674,2125093248,1138356714,393774701,446989112,85541880,26783288
DYE:575657017,116664201,541690051,1234640759,773236345,1012532897,2659962020,1712418941,1631174355,645481266,267149118,1092566237
多重未来のカルテット～QUARTET THEME～:49128547,252603469,775568743,1114432004,1114859246,1270919561,1086699905,1049564476,1053664888,777012491,746270251,477929405
透明水彩:1321591808,1640195647,1773184011,1787923197,2204433614,3044078231,3368165248,3208733675,2925709415,598506098,1168059003,1427714109
Knife:354377727,43934820,10881830,949295803,320931569,229835620,2613910656,1776802867,1861521933,572967979,117359401,10866087
なりすましゲンガー:383308964,321411887,391124326,1378970116,1204818902,843634766,844631966,616982014,580950552,466017342,365996792,313819874
ネコミミアーカイブ:1301183395,508101072,273321435,2026096059,1180601736,640890080,2670159038,1725628922,1793377350,999121820,544256849,167486014
Pane dhiria:278668183,523246189,460828439,415228106,702415196,949838791,565297095,574554272,964212074,53393768,156210744,59540030
PIANOGIRL:1372984322,1098557934,823300753,2340816235,1743533670,1197210225,2850915366,2251557882,1804438226,1163245726,948765235,745254922
ヒバナ:457910970,629773705,508012550,362919136,376821840,390308789,1790337716,1690248128,1560769172,318157496,346077334,276121433
ヒビカセ:1566281578,1552453496,1449191738,1328347967,1329020511,1529484307,873180542,559026228,980551855,60864975,57785992,151518963
ブラックゴールド:665879179,729218597,160643632,616737050,648922999,342256890,3769023867,3746327102,3718924182,53122499,40780168,6867339
Magical Sound Shower:2140227812,2209314849,2217109344,2104633163,2370555460,2143315543,2151824467,1788833223,1163243924,840155034,1055283368,997265624
マスターオブパペッツ:787669467,486533501,149224938,1571145374,1084809169,784205614,1109719789,718735860,551129314,345312022,58609972,41534404
右肩の蝶 -39's Giving Day Edition-:55860871,17162711,3554913,753399204,637638994,399289866,437392074,598700975,289470364,156410289,20193675,170027
ミラクルペイント:1653769668,637486051,577376878,2712700116,1341133265,935183056,821823357,647906454,915931726,779847597,363271896,305277522
指切り:1774289669,1443772340,1293654336,1873345471,1094295141,1016616577,2379352945,1775273256,1266606159,381059476,284690074,269582890
ありふれたせかいせいふく:798364280,799646019,1006692671,1746111099,1234293328,1284827261,1043663326,996563227,727159488,665704811,1138382188,1030695995
アンハッピーリフレイン:842368339,787903932,781311985,1259800609,1161405972,654249628,2779431948,2777888224,2728871722,147735362,142725013,142397155
いろは唄:1412872819,1272565946,318014222,2269907931,2005963864,1063778200,3062289393,3013329090,3014473147,659926060,586063214,171392988
大江戸ジュリアナイト:1091106214,1061988184,1638841835,1779531797,1946985337,2851896211,1641325653,1488647127,3514004123,853243065,601042330,1023589292
おはヨーデル:1115136009,1709314712,1521364541,1882811484,2650351371,1929341450,1104606838,1995232439,1687538262,544450315,1291084128,25669748
恋色病棟:1678248533,1358998022,1638287697,3180326220,2064195457,2703844411,2792504436,2227743177,1899350063,1483921821,738865377,1155478310
ゴーストルール:572811446,499238353,627078111,1461573887,1419659163,1631364948,769086476,784458538,1726082656,990923674,753337513,1026749526
Gothic and Loneliness ～I'm the very DIVA～:246704067,7549890,176834772,230576746,101087686,654414639,204294254,1012421384,1969542417,8423209,4054378,58427377
こちら、幸福安心委員会です。:1598588755,1109917319,799628814,1578134111,1158952276,1044908297,1694716298,1352228402,1445269539,1007728665,547058757,305599552
孤独の果て -extend edition-:195416459,146603919,100253358,1302884379,1295113053,1269346990,1702096029,1533068124,1070578692,19308857,29031817,42848187
ジターバグ:1073588035,792665793,740980875,1821572177,1132993316,920952794,1980802016,1687797018,1569860795,789933568,594853738,177213497
Sweet Devil:1134309881,319426094,1020492540,2789050550,890395205,1802138079,1168791384,836981275,989136614,1384793150,389817849,1057040086
ステップフォワード:555046813,220257722,211186605,1813974229,1551157665,1700112612,1266905571,1589124760,2024850519,1279358244,848700804,1218750023
砂の惑星:399925226,259244329,190026937,1847644498,1516444003,1365005525,1032929930,670566524,523164786,516443378,342631177,207157508
テオ:559471824,272825984,1596426743,994965816,710036949,2453532703,464064926,439229984,1255809912,79308575,37937461,347508578
どうしてこうなった:1928323515,1987298074,130013687,3162133963,3039559542,972700566,4545826299,4545233367,4545853384,1355734480,1397262686,82112721
Nyanyanyanyanyanyanya!:1264854455,602668000,753102903,1769025845,2072972370,1545617693,3037936660,2718446687,2476504725,892120207,765142866,362875384
初音ミクの消失 -DEAD END-:1238126093,989441027,1007856133,2169389632,2193280614,2160391670,1779027686,2087924336,2002737192,746439852,522873791,498102569
パラジクロロベンゼン:201461524,186509272,237949131,768416323,576553750,653750561,2147337407,1798302673,1752235903,46473220,71298828,115583444
秘密警察:191863040,239222051,912731678,748846165,656504094,1109127160,1018288152,1866444757,1478853952,498635162,76833824,377576176
フランシスカ:70948689,79825238,40506279,536231527,745442795,441004348,3270362684,3106853546,1867739455,4692820,7449759,3364866
妄想スケッチ:1263995375,866231934,1350209931,2141357265,1950258925,2038528189,1448151177,1478707370,1968193202,1155458687,1147876402,1205237902
リンちゃんなう！:620370071,509769849,131979147,1924964655,1681925269,1051623362,2925795698,2458494316,1897502085,435717830,359510938,85646306
ローリンガール:865988842,867524858,865541322,2560520439,2562693329,2559562449,2529742428,2528349332,2529775351,1166258603,1167797815,1165645218
ロキ:182416124,2673412,452154777,750811154,488267910,1018513779,725776935,399084999,1126789472,53504462,1930127,155922416
ロミオとシンデレラ:500170542,219906449,582292723,1346659785,571485597,899406648,1906937391,1053270826,1450771471,293364807,63674403,156569286
イヤイヤ星人:2014452519,1363855203,1365905421,2910788019,1947148237,2174448798,4205006867,3369251043,3629445560,1437511259,1036698543,1120616313
エンヴィキャットウォーク:220944227,88258036,27146261,833566458,723780051,716167234,1288389629,1157094214,1157487096,544186303,415878740,461314600
骸骨楽団とリリア:366634361,488835132,705082720,1093936099,1197588521,1309839196,2409365054,2390251008,2171717139,557399294,749161308,938831757
サイハテ:808865826,736440071,740212096,2704323724,1501491140,1229105726,1775718567,1511229008,1484952940,318434107,316176233,315294790
ジグソーパズル:1564075738,1147492866,1522368667,2068192185,1682788295,1631844040,1350152632,974567200,1140894675,1337863194,1111897885,995405352
千本桜 -F edition-:419444186,271497546,169704772,1397988018,1027992739,818801335,2800030097,2291320515,1961608620,394949404,432104020,391812851
ピアノ×フォルテ×スキャンダル:694574440,633294454,608315951,1146908955,833284746,815119037,1698893937,1113016742,958484597,996374513,253256139,382643844
フキゲンワルツ:849645790,762470254,422957056,1312858669,1202075969,836775431,2730909898,3093199166,2430394179,808478850,759987777,493875024
Blackjack:774065429,306495474,245655252,1556774693,841343008,544943509,2909525578,1849620159,1965669698,77820183,6702527,17662008
ぽっぴっぽー:903349746,1540416500,642307587,1419913092,1591268381,653143719,2277080690,2747088000,2244164077,1398086526,963577868,931318442
裏表ラバーズ:667250352,671376236,667202100,2904189776,2844451455,3051134810,2576969478,2576014845,2576887012,439584157,443824608,438700059
Sadistic.Music∞Factory:641620200,849460530,593535109,1411094566,756562788,1261355683,1058360220,1315310022,1673843153,591353798,281727366,564815656
デンパラダイム:1683789855,1810499119,1904772733,3198601587,2508591901,2744860325,4605824031,4504037973,4502041510,1473014142,1107947378,1318338190
二次元ドリームフィーバー:188612651,141448226,11181290,780445824,250907679,44100518,975658769,837415187,736805746,81127170,63396892,5968663
ネガポジ＊コンティニューズ:1557903430,1565825576,972591637,1891087058,2100814848,2111877421,3376457707,3161723725,2712930204,774328050,319001064,1207927650
初音ミクの激唱:650196642,1242569607,1696438414,631137607,1471628703,1619618404,1511134107,2572874748,1741402691,275531722,385500273,514524136
ワールズエンド・ダンスホール:365185257,1121251155,968869350,498785478,893758616,890221116,1518334245,1643617490,1561875208,475735008,733232503,468745070
